pgv_pvid=6336468782
__qc_wId=311
Hm_lvt_e3b0ab92511ce1f46960bed57f65f532=1501812527,1501821906
Hm_lpvt_e3b0ab92511ce1f46960bed57f65f532=1501822229
JSESSIONID=8B11E294FF94B424120FD1D9A2288867
Hm_lvt_0b314aea5a7fdfbdfb84321ebb1616ac=1501573072,1501653023,1501812478,1501816875
Hm_lpvt_0b314aea5a7fdfbdfb84321ebb1616ac=1501838064
SITE=index
__utmt=1
__utma=204184335.1179032504.1501468868.1501837881.1501840359.18
__utmb=204184335.1.10.1501840359
__utmc=204184335
__utmz=204184335.1501826327.14.6.utmcsr=baidu|utmccn=(organic)|utmcmd=organic